0.4739546 0.1756956 0.3503497
0.4736072 0.1764810 0.3499118
0.2888249 0.4037583 0.3074167
0.0000992 0.7884258 0.2114750
0.5170477 0.0362188 0.4467335
0.1256983 0.5101329 0.3641688
0.2256324 0.4959416 0.2784259
0.2464178 0.4501344 0.3034478
0.2331554 0.4795651 0.2872795
0.5442575 0.0485777 0.4071648
0.5099925 0.0452984 0.4447089
0.4913452 0.0001001 0.5085548
0.4194299 0.0218874 0.5586827
0.5288091 0.0038410 0.4673500
0.4437591 0.0103261 0.5459148
0.5682388 0.0127029 0.4190584
0.5427557 0.0120248 0.4452195
0.8288049 0.1637932 0.0074018
0.3142626 0.4576501 0.2280872
0.5172495 0.0027989 0.4799515
0.2017814 0.4192952 0.3789234
0.3136768 0.3731670 0.3131562
0.2342263 0.4456623 0.3201115
0.2145612 0.4500508 0.3353879
0.4861877 0.4720873 0.0417249
0.5646159 0.0034386 0.4319455
0.5350143 0.0507506 0.4142351
0.5371771 0.0001000 0.4627229
0.0000997 0.8635172 0.1363831
0.5448766 0.0001000 0.4550233
0.5685056 0.0001000 0.4313944
0.5423253 0.0001000 0.4575747
0.6445309 0.0001000 0.3553692
0.6653883 0.0000999 0.3345118
0.6164927 0.0001000 0.3834073
0.2879515 0.4424439 0.2696046
0.5791860 0.0146895 0.4061245
0.6198223 0.0060187 0.3741590
0.4805704 0.0233641 0.4960655
0.5752437 0.0001000 0.4246564
0.7132813 0.0000999 0.2866188
0.5468683 0.0001000 0.4530317
0.4284536 0.0076403 0.5639061
0.5503388 0.0008274 0.4488338
0.4758348 0.0243023 0.4998630
0.6138648 0.0105392 0.3755960
0.7237742 0.0081681 0.2680577
0.6491978 0.0000999 0.3507022
0.2548520 0.4767593 0.2683887
0.8756145 0.0062179 0.1181675
0.3367496 0.3687741 0.2944764
0.2994213 0.4102857 0.2902930
0.4842875 0.0225508 0.4931617
0.0051752 0.5482151 0.4466097
0.5611840 0.0001000 0.4387160
0.5302399 0.0001000 0.4696600
0.2985916 0.4084282 0.2929803
0.5267344 0.0231941 0.4500715
0.4995390 0.0300853 0.4703756
0.2667220 0.4846682 0.2486098
0.5468525 0.0052510 0.4478965
0.6571154 0.0054513 0.3374333
0.2921722 0.4708019 0.2370259
0.5076532 0.0180071 0.4743398
0.3196253 0.4169123 0.2634625
0.1181529 0.4765460 0.4053011
0.5442384 0.0076831 0.4480785
0.2558833 0.5197247 0.2243921
0.5704945 0.0196421 0.4098634
0.3216010 0.4047424 0.2736567
0.3484968 0.0569784 0.5945248
0.5181664 0.0294488 0.4523849
0.4618157 0.0642578 0.4739265
0.5059033 0.0329914 0.4611053
0.4979160 0.0128447 0.4892393
0.0178609 0.5929769 0.3891622
0.3165515 0.4779587 0.2054898
0.5761561 0.0054224 0.4184215
0.4395761 0.0447981 0.5156259
0.4189146 0.0541924 0.5268930
0.8537278 0.0284286 0.1178437
0.4682755 0.0290493 0.5026751
0.6126891 0.0001000 0.3872108
0.6095400 0.0001000 0.3903600
0.3907203 0.3867482 0.2225315
0.4680932 0.0392771 0.4926298
0.1894390 0.4082552 0.4023057
0.5443032 0.0001000 0.4555969
0.6088157 0.0001000 0.3910843
0.5547136 0.0532347 0.3920517
0.4735330 0.1745258 0.3519412
0.0000997 0.8751432 0.1247572
0.2446855 0.4578899 0.2974245
0.5903030 0.0958511 0.3138460
0.1916685 0.5210854 0.2872461
0.1436557 0.8183621 0.0379822
0.7742131 0.0000998 0.2256871
0.4053138 0.4049987 0.1896875
0.7229642 0.0000999 0.2769359
0.1666685 0.5084522 0.3248793
0.6870322 0.0000999 0.3128679
0.5834112 0.0152326 0.4013562
0.7713738 0.0065046 0.2221215
0.5393069 0.0001000 0.4605930
0.6400809 0.0039974 0.3559218
0.4724914 0.1779469 0.3495617
0.2158001 0.4056614 0.3785385
0.4445758 0.0018584 0.5535657
0.4741820 0.1754167 0.3504013
0.6478457 0.0000999 0.3520543
0.7291449 0.0000999 0.2707551
0.5635642 0.0001000 0.4363358
0.6284315 0.0000999 0.3714685
0.6382671 0.0001000 0.3616329
0.5251099 0.0096887 0.4652014
0.5737280 0.0001000 0.4261720
0.2905616 0.4623971 0.2470413
0.5067911 0.0001000 0.4931089
0.4285286 0.0331062 0.5383652
0.3924712 0.4849528 0.1225760
0.5663733 0.0001000 0.4335266
0.4694632 0.0054422 0.5250946
0.1655792 0.8186673 0.0157536
0.7181507 0.0000999 0.2817495
0.5876878 0.0000999 0.4122123
0.4342575 0.4151007 0.1506418
0.6661576 0.0000999 0.3337424
0.5968841 0.0001000 0.4030159
0.0695243 0.4688370 0.4616386
0.3659353 0.0397439 0.5943208
0.4299862 0.3410289 0.2289849
0.4724877 0.1754790 0.3520333
0.4699917 0.0077458 0.5222625
0.4140474 0.0111172 0.5748354
0.0793059 0.4726880 0.4480061
0.5774533 0.0001000 0.4224467
0.5018333 0.0057583 0.4924085
0.3241574 0.0702718 0.6055708
0.2925707 0.0843606 0.6230688
0.2577639 0.1056555 0.6365806
0.4817818 0.1768713 0.3413469
0.3882320 0.0152022 0.5965658
0.4900954 0.0248002 0.4851044
0.3280241 0.3637137 0.3082622
0.6137257 0.0000999 0.3861743
0.2298906 0.4466191 0.3234902
0.4409957 0.0492996 0.5097048
0.5491415 0.0388326 0.4120259
0.2710399 0.3842305 0.3447296
0.5840668 0.0094704 0.4064628
0.5328991 0.0090619 0.4580389
0.6120462 0.0001000 0.3878538
0.2851342 0.5214474 0.1934184
0.5556414 0.0089463 0.4354124
0.2914948 0.4612988 0.2472064
0.3054151 0.5000678 0.1945169
0.5658554 0.0301371 0.4040075
0.5847456 0.0118298 0.4034246
0.4967093 0.0001001 0.5031906
0.0533646 0.9465353 0.0001000
0.6546344 0.0527334 0.2926323
0.5519301 0.0001367 0.4479332
0.5648312 0.0001000 0.4350688
0.6054738 0.0001000 0.3944262
0.2326457 0.4916351 0.2757191
0.4947039 0.0065071 0.4987890
0.5164125 0.0001001 0.4834874
0.3311216 0.4599745 0.2089039
0.2930369 0.4511975 0.2557656
0.5014146 0.0088712 0.4897141
0.1602188 0.4854109 0.3543703
0.6140860 0.0001000 0.3858140
0.7226459 0.0000999 0.2772541
0.6451395 0.0000999 0.3547606
0.5931314 0.0001000 0.4067686
0.5689505 0.4309491 0.0001004
0.9163262 0.0087604 0.0749134
0.7948722 0.0000998 0.2050280
0.7723988 0.0000998 0.2275013
0.8613473 0.0000998 0.1385528
0.5685992 0.4313010 0.0000999
0.5340979 0.4465006 0.0194015
0.3868754 0.6130219 0.0001027
0.5780470 0.3401618 0.0817913
0.6544576 0.0552582 0.2902842
0.6160629 0.0001000 0.3838370
0.5771978 0.0608464 0.3619558
0.5623610 0.0069123 0.4307267
0.1908728 0.5145706 0.2945566
0.1637728 0.4661480 0.3700791
0.0511723 0.8060996 0.1427281
0.3133534 0.4794380 0.2072085
0.7441542 0.0000999 0.2557458
0.4963775 0.0416898 0.4619328
0.5371077 0.0482093 0.4146829
0.5526068 0.0481597 0.3992336
0.6754045 0.0280262 0.2965694
0.7943174 0.0048779 0.2008047
0.7978900 0.1013630 0.1007470
0.5727146 0.0258963 0.4013891
0.5164056 0.0416410 0.4419534
0.6256595 0.0000999 0.3742405
0.2676056 0.4772121 0.2551822
0.5914237 0.0128951 0.3956812
0.3466673 0.4608617 0.1924711
0.6176556 0.0022709 0.3800735
0.6136319 0.0001000 0.3862680
0.7208254 0.0040132 0.2751614
0.3266480 0.3827089 0.2906432
0.4876810 0.0001001 0.5122190
0.4833727 0.0001001 0.5165273
0.5949521 0.0000999 0.4049480
0.5269623 0.0060945 0.4669432
0.2047603 0.4681193 0.3271204
0.5488773 0.0335303 0.4175924
0.5733070 0.0001000 0.4265930
0.4792751 0.0380740 0.4826509
0.5536161 0.0001000 0.4462839
0.5529346 0.0001000 0.4469653
0.6063505 0.0001000 0.3935494
0.3294817 0.4491044 0.2214138
0.5898379 0.0030664 0.4070957
0.5758500 0.0025996 0.4215503
0.2689682 0.4906586 0.2403732
0.2295781 0.5241961 0.2462258
0.0000987 0.7971239 0.2027774
0.4792475 0.0565381 0.4642143
0.5645451 0.0001000 0.4353550
0.5728726 0.0237175 0.4034099
0.2494060 0.4663329 0.2842612
0.5409378 0.0001000 0.4589622
0.5877754 0.0035911 0.4086334
0.3621211 0.0650330 0.5728459
0.5581301 0.0001000 0.4417698
0.2109565 0.4039933 0.3850502
0.5793523 0.0000999 0.4205477
0.0000986 0.8614750 0.1384263
0.1603640 0.5137365 0.3258996
0.5439777 0.0235478 0.4324746
0.5209596 0.0001000 0.4789404
0.4518375 0.0203179 0.5278447
0.5371891 0.0001000 0.4627109
0.4532245 0.0395246 0.5072510
0.4968024 0.0077913 0.4954063
0.2517089 0.4970826 0.2512085
0.3017412 0.3598779 0.3383809
0.6883959 0.0230416 0.2885625
0.6310127 0.0431578 0.3258296
0.2911234 0.3672562 0.3416204
0.3478748 0.4322807 0.2198445
0.2464194 0.4198334 0.3337473
0.0000982 0.8334630 0.1664388
0.5298390 0.0978023 0.3723587
0.3041428 0.3764570 0.3194003
0.6772849 0.0228437 0.2998714
0.5343931 0.0001000 0.4655068
0.4900793 0.0228011 0.4871196
0.2358856 0.4664617 0.2976526
0.5869180 0.0165811 0.3965009
0.6562025 0.2567432 0.0870544
0.6176111 0.0000999 0.3822890
0.1651227 0.6055225 0.2293547
0.6104749 0.0001000 0.3894250
0.5438282 0.0212042 0.4349677
0.5123742 0.0055604 0.4820653
0.6502530 0.0000999 0.3496470
0.2974438 0.5140336 0.1885226
0.4389687 0.4547981 0.1062331
0.4555139 0.4395390 0.1049471
0.6977119 0.0679162 0.2343718
0.7148008 0.0000998 0.2850994
0.7748553 0.0000998 0.2250448
0.9071987 0.0000997 0.0927015
0.9006995 0.0000998 0.0992007
0.6867654 0.3042464 0.0089882
0.9393377 0.0605623 0.0000999
0.4153033 0.0973983 0.4872984
0.2062455 0.5892876 0.2044669
0.3229327 0.0982700 0.5787974
0.4886108 0.0383642 0.4730249
0.4493836 0.1289546 0.4216618
0.4744128 0.0457710 0.4798162
0.0000993 0.8131428 0.1867580
0.3943368 0.0715438 0.5341194
0.3902252 0.0001000 0.6096748
0.4930814 0.0001000 0.5068187
0.3772916 0.0284502 0.5942581
0.5014924 0.0000999 0.4984076
0.7453514 0.2161909 0.0384577
0.6327862 0.0001000 0.3671139
0.6371706 0.0000999 0.3627294
0.5981755 0.0507794 0.3510450
0.0001001 0.5125139 0.4873860
0.4710688 0.0589442 0.4699871
0.4604148 0.0123268 0.5272584
0.4623908 0.0119006 0.5257086
0.5954024 0.0060691 0.3985285
0.5558876 0.0001000 0.4440123
0.5037326 0.0184097 0.4778577
0.6069075 0.0359456 0.3571470
0.4686469 0.0001001 0.5312531
0.6310728 0.0080445 0.3608827
0.6899999 0.0000999 0.3099001
0.5370217 0.0001000 0.4628782
0.6662921 0.0000999 0.3336080
0.6383986 0.0000999 0.3615015
0.3510458 0.4237796 0.2251746
0.7170273 0.0000999 0.2828728
0.5529974 0.0001000 0.4469027
0.4982136 0.0001000 0.5016863
0.4142608 0.3611572 0.2245819
0.6063701 0.0000999 0.3935300
0.0993319 0.8804020 0.0202661
0.3482803 0.4932339 0.1584857
0.7049009 0.0000999 0.2949992
0.3886465 0.3670764 0.2442772
0.6538643 0.0000998 0.3460358
0.6098092 0.0000999 0.3900909
0.5131187 0.0024909 0.4843903
0.5601626 0.0001000 0.4397374
0.6214845 0.0213574 0.3571582
0.8362088 0.0000998 0.1636914
0.6538253 0.0025392 0.3436356
0.3093454 0.4725496 0.2181050
0.6468892 0.0000999 0.3530109
0.4243472 0.3479092 0.2277437
0.6366407 0.0000999 0.3632593
0.3436172 0.4509341 0.2054487
0.3737875 0.4000815 0.2261311
0.6611714 0.0000998 0.3387288
0.6535408 0.0000999 0.3463592
0.0596925 0.8453122 0.0949952
0.5600591 0.0092401 0.4307008
0.5364977 0.0001000 0.4634024
0.4525213 0.0095490 0.5379297
0.5747107 0.0001000 0.4251893
0.6754150 0.0000998 0.3244851
0.5563731 0.0001000 0.4435269
0.5046539 0.0001000 0.4952460
0.5281352 0.0001000 0.4717647
0.2136018 0.5040224 0.2823758
0.2086215 0.4168521 0.3745264
0.4558817 0.0094253 0.5346929
0.6995379 0.0109186 0.2895434
0.3833367 0.4357624 0.1809010
0.4806316 0.0308318 0.4885366
0.6258268 0.0010158 0.3731574
0.0515064 0.7819933 0.1665003
0.6216689 0.0000999 0.3782312
0.6056380 0.0001000 0.3942620
0.2356358 0.4374164 0.3269478
0.4115167 0.4084631 0.1800203
0.1733001 0.8265997 0.0001003
0.5830062 0.0001000 0.4168938
0.2061204 0.4608091 0.3330705
0.5360463 0.0028849 0.4610688
0.6531936 0.0172352 0.3295712
0.8550656 0.0320025 0.1129319
0.5406770 0.0001000 0.4592230
0.4349832 0.3685845 0.1964322
0.6094128 0.3567522 0.0338350
0.6170197 0.0023492 0.3806311
0.3354450 0.4783107 0.1862444
0.3647324 0.4640928 0.1711748
0.5331288 0.4667695 0.0001018
0.4641949 0.0450549 0.4907503
0.1730582 0.4957985 0.3311434
0.8684435 0.1314561 0.0001004
0.6500272 0.0000999 0.3498729
0.6048238 0.0000999 0.3950763
0.6525028 0.0000999 0.3473972
0.4738341 0.1751337 0.3510322
0.7958592 0.0000997 0.2040411
0.5863690 0.0001000 0.4135311
0.4602209 0.0241094 0.5156696
0.2669225 0.4093896 0.3236879
0.4746307 0.1756150 0.3497544
0.3354366 0.4098531 0.2547103
0.5346174 0.0001000 0.4652827
0.6903567 0.0252544 0.2843889
0.6210054 0.0048521 0.3741425
0.5884065 0.0187991 0.3927944
0.2877481 0.4251366 0.2871154
0.5446895 0.0088447 0.4464658
0.2275318 0.4731034 0.2993648
0.3015434 0.4578235 0.2406332
0.5902708 0.0001000 0.4096292
0.6826692 0.0563607 0.2609700
0.5607801 0.0001000 0.4391199
0.2115590 0.4716798 0.3167611
0.5316187 0.0237700 0.4446112
0.1676835 0.5077962 0.3245203
0.5030445 0.0098594 0.4870961
0.4558436 0.0418711 0.5022852
0.4668502 0.0237966 0.5093532
0.3618090 0.5361614 0.1020295
0.5941970 0.0165632 0.3892398
0.5942566 0.0375669 0.3681766
0.2048220 0.3929106 0.4022674
0.1671075 0.4681830 0.3647096
0.4774822 0.1742662 0.3482516
0.3962720 0.0088833 0.5948446
0.4768576 0.0212821 0.5018603
0.7678530 0.0047154 0.2274317
0.9330202 0.0000998 0.0668800
0.4959599 0.0097943 0.4942458
0.4611312 0.0406393 0.4982296
0.5532734 0.0185774 0.4281492
0.5112926 0.0159639 0.4727435
0.2191969 0.5530798 0.2277233
0.5194695 0.0001000 0.4804305
0.6924599 0.0453840 0.2621562
0.6405977 0.0000999 0.3593024
0.5351708 0.0652550 0.3995742
0.5089207 0.0386831 0.4523962
0.5857497 0.0001000 0.4141503
0.1690502 0.4774692 0.3534806
0.5017823 0.0093688 0.4888490
0.4751325 0.1750515 0.3498159
0.5924073 0.0001000 0.4074926
0.5960222 0.0001000 0.4038779
0.0000976 0.6898147 0.3100876
0.2732685 0.4987286 0.2280029
0.4735696 0.1742425 0.3521879
0.6200508 0.0663495 0.3135997
0.5392369 0.0032608 0.4575023
0.5009415 0.0203820 0.4786765
0.6940942 0.0119530 0.2939528
0.4219852 0.0585113 0.5195035
0.5465338 0.0259676 0.4274986
0.8903047 0.0000997 0.1095955
0.3849711 0.0756183 0.5394105
0.5246243 0.0001000 0.4752756
0.3992891 0.0577824 0.5429285
0.3367533 0.1256189 0.5376278
0.6950721 0.0386844 0.2662435
0.7273975 0.0000999 0.2725026
0.5987498 0.0001000 0.4011503
0.5031396 0.0639528 0.4329076
0.7866868 0.0000998 0.2132134
0.4423754 0.3525385 0.2050861
0.8118377 0.0056511 0.1825111
0.7555526 0.0051697 0.2392777
0.8530915 0.0483109 0.0985976
0.5666111 0.0148195 0.4185694
0.4911711 0.0001000 0.5087289
0.5520629 0.0451976 0.4027395
0.6065863 0.0772860 0.3161277
0.5203393 0.0342450 0.4454158
0.1254541 0.5020612 0.3724847
0.5978464 0.0377175 0.3644361
0.6104235 0.0668286 0.3227479
0.2493813 0.4351145 0.3155042
0.4561170 0.0459358 0.4979472
0.4766165 0.0001001 0.5232835
0.4583918 0.0159227 0.5256855
0.6171808 0.0001000 0.3827192
0.2675840 0.4196108 0.3128052
0.4725682 0.1762860 0.3511458
0.8901577 0.0399279 0.0699143
0.4216019 0.0095379 0.5688602
0.5042349 0.0254219 0.4703434
0.4613471 0.0168667 0.5217862
0.4889757 0.0033950 0.5076293
0.2698495 0.5053334 0.2248171
0.0000998 0.8355545 0.1643457
0.5245306 0.0939513 0.3815180
0.0000997 0.9107274 0.0891730
0.5718557 0.2060149 0.2221295
0.0566910 0.6680132 0.2752958
0.4996966 0.0449222 0.4553812
0.1042869 0.6014785 0.2942347
0.2265203 0.4516906 0.3217891
0.0000985 0.8419909 0.1579105
0.1168680 0.8830319 0.0001001
0.5648943 0.0163964 0.4187093
0.1412401 0.8018618 0.0568981
0.7043894 0.0286243 0.2669863
0.4731149 0.0001001 0.5267851
0.5149192 0.0001001 0.4849808
0.2038110 0.5138254 0.2823636
0.0000992 0.7250090 0.2748917
0.7272220 0.0000999 0.2726780
0.6093065 0.0001000 0.3905935
0.0482430 0.8955432 0.0562138
0.7406230 0.0000999 0.2592771
0.5945302 0.0000999 0.4053698
0.1361109 0.6814811 0.1824081
0.5326568 0.0550878 0.4122554
0.5516702 0.0001000 0.4482298
0.6684005 0.0000998 0.3314997
0.7275199 0.0000999 0.2723802
0.6609641 0.0000999 0.3389359
0.6973302 0.0000998 0.3025699
0.5417645 0.0001000 0.4581355
0.8506280 0.0000998 0.1492723
0.7108081 0.0000999 0.2890920
0.5470492 0.0001000 0.4528507
0.9065096 0.0437492 0.0497411
0.8101873 0.1897123 0.0001004
0.6534189 0.0000999 0.3464812
0.4276337 0.4318042 0.1405621
0.6063367 0.0006018 0.3930615
0.5876518 0.0000999 0.4122482
0.6311681 0.0001000 0.3687319
0.5258724 0.0001000 0.4740276
0.6892587 0.0209449 0.2897964
0.6807598 0.0239972 0.2952431
0.3780609 0.3820139 0.2399252
0.7518268 0.0000999 0.2480733
0.6002199 0.0000999 0.3996802
0.4358635 0.3598231 0.2043134
0.1985749 0.4738303 0.3275948
0.5514779 0.0036974 0.4448246
0.7097837 0.0146717 0.2755446
0.5732417 0.0113133 0.4154450
0.4896417 0.3376079 0.1727504
0.6144473 0.0001000 0.3854527
0.2043937 0.4050864 0.3905199
0.7974803 0.0000998 0.2024198
0.5453038 0.0180267 0.4366696
0.4655008 0.0551170 0.4793823
0.4282077 0.1374553 0.4343371
0.0000996 0.4649566 0.5349438
0.5143009 0.0539589 0.4317402
0.3545984 0.0930732 0.5523284
0.0000995 0.4201428 0.5797576
0.2418559 0.3995631 0.3585810
0.0592712 0.4343409 0.5063879
0.3440547 0.1130885 0.5428568
0.7650023 0.0527701 0.1822276
0.6598270 0.0000999 0.3400731
0.5249792 0.0001000 0.4749208
0.3123323 0.4343036 0.2533642
0.3248691 0.0590460 0.6160849
0.2214156 0.4718250 0.3067594
0.3864030 0.0516438 0.5619533
0.3885502 0.0175105 0.5939393
0.3505315 0.4318375 0.2176310
0.5316860 0.0291427 0.4391713
0.0000997 0.8452832 0.1546171
0.5471128 0.0893972 0.3634901
0.4707166 0.0001000 0.5291833
0.3793425 0.0202734 0.6003841
0.4150521 0.0602923 0.5246556
0.4906951 0.0240269 0.4852779
0.2879183 0.5144647 0.1976170
0.4518627 0.0622121 0.4859252
0.5181463 0.0431310 0.4387227
0.5753980 0.0452943 0.3793076
0.4443428 0.0046212 0.5510360
0.6787605 0.0000999 0.3211396
0.3651248 0.0620598 0.5728154
0.4935257 0.0158664 0.4906079
0.3680813 0.5909109 0.0410077
0.2140044 0.6424893 0.1435064
0.1924852 0.4895795 0.3179352
0.0549611 0.9017405 0.0432984
0.4507113 0.0322814 0.5170073
0.2577515 0.4140773 0.3281711
0.4737037 0.0581274 0.4681690
0.4873561 0.0150994 0.4975444
0.6632771 0.0070051 0.3297177
0.5043262 0.0835764 0.4120974
0.5758494 0.0262061 0.3979446
0.8221978 0.1777017 0.0001006
0.0000976 0.7629409 0.2369614
0.6515703 0.0008657 0.3475640
0.6061343 0.0000999 0.3937657
0.6149953 0.0000998 0.3849049
0.5078731 0.0001000 0.4920269
0.6220444 0.0001000 0.3778556
0.7311398 0.0000998 0.2687603
0.4674782 0.0175829 0.5149389
0.6579228 0.0000999 0.3419773
0.5124756 0.0060039 0.4815205
0.5920148 0.0008900 0.4070952
0.6827127 0.0000999 0.3171874
0.6446043 0.0000998 0.3552959
0.1138337 0.7995321 0.0866342
0.6298213 0.0001000 0.3700787
0.6812148 0.0000999 0.3186853
0.3392868 0.3662091 0.2945042
0.4904089 0.0229983 0.4865927
0.3819827 0.4617472 0.1562701
0.5388443 0.0001000 0.4610556
0.5481063 0.0230708 0.4288229
0.4807463 0.0001000 0.5191537
0.6067752 0.2543781 0.1388468
0.5811170 0.0408365 0.3780465
0.5776258 0.0255152 0.3968591
0.4414881 0.0180667 0.5404453
0.6472135 0.0000999 0.3526867
0.6031975 0.3967006 0.0001019
0.8412814 0.1586186 0.0001000
0.6127542 0.3871435 0.0001024
0.4752712 0.1758882 0.3488407
0.5175281 0.0112888 0.4711831
0.5757494 0.0001000 0.4241506
0.0593519 0.4481354 0.4925128
0.4326768 0.0383493 0.5289739
0.6729209 0.0053963 0.3216828
0.7024066 0.0000999 0.2974935
0.6454957 0.3544038 0.0001006
0.6301044 0.0001000 0.3697956
0.6523806 0.0001000 0.3475194
0.0982587 0.4213575 0.4803838
0.5378096 0.0001000 0.4620905
0.6390961 0.0000999 0.3608039
0.3135361 0.4012607 0.2852032
0.6482074 0.3516910 0.0001016
0.6965780 0.0055487 0.2978733
0.4911302 0.0101154 0.4987543
0.5688497 0.0000999 0.4310504
0.4086591 0.0071681 0.5841728
0.1408184 0.5177622 0.3414193
0.0561851 0.5456378 0.3981771
0.1057760 0.4576152 0.4366087
0.1959311 0.4698875 0.3341813
0.4842191 0.0194032 0.4963776
0.0615442 0.4969655 0.4414902
0.2785763 0.3621972 0.3592265
0.3508621 0.0168569 0.6322810
0.1473603 0.5058642 0.3467755
0.5857981 0.0139415 0.4002604
0.4982639 0.0020605 0.4996756
0.0000970 0.7569860 0.2429169
0.5967001 0.0001000 0.4031999
0.1996424 0.4365430 0.3638146
0.2770374 0.3736246 0.3493380
0.5051671 0.0341322 0.4607008
0.2655241 0.4195172 0.3149587
0.0000996 0.8616953 0.1382051
0.5467210 0.0349527 0.4183262
0.4616399 0.0261420 0.5122182
0.4073530 0.3562304 0.2364165
0.6429434 0.0526512 0.3044054
0.0000981 0.8413078 0.1585941
0.6114254 0.0027670 0.3858075
0.4496180 0.4509697 0.0994122
0.5546319 0.0344399 0.4109281
0.2159731 0.4242465 0.3597803
0.6714494 0.0000999 0.3284507
0.3152732 0.4288723 0.2558546
0.5313268 0.0346240 0.4340493
0.2648911 0.4083199 0.3267890
0.5720722 0.0123909 0.4155370
0.6509692 0.0000999 0.3489308
0.6276029 0.0238551 0.3485420
0.6603072 0.0072052 0.3324876
0.5867497 0.4131494 0.0001009
0.6800242 0.0000999 0.3198760
0.4659849 0.0143413 0.5196738
0.3111479 0.3835557 0.3052964
0.5747927 0.0214356 0.4037718
0.5761696 0.0306067 0.3932236
0.4645918 0.2024123 0.3329959
0.1502949 0.5258422 0.3238628
0.4363533 0.0469026 0.5167441
0.4723122 0.0378196 0.4898682
0.1803112 0.5316914 0.2879974
0.8707677 0.0000998 0.1291325
0.3925747 0.1517458 0.4556795
0.5820913 0.0120974 0.4058113
0.5872272 0.0001000 0.4126728
0.4101091 0.4118337 0.1780572
0.5949941 0.0436497 0.3613563
0.6651366 0.0389343 0.2959291
0.5960397 0.0236935 0.3802668
0.2016215 0.4997846 0.2985938
0.5254425 0.0412695 0.4332880
0.6066438 0.0001000 0.3932563
0.2282386 0.4934912 0.2782702
0.5496728 0.0607833 0.3895439
0.0000999 0.8852398 0.1146603
0.5878704 0.0000999 0.4120296
0.2859643 0.4597014 0.2543344
0.3051472 0.0653886 0.6294643
0.2173985 0.5249682 0.2576333
0.5438168 0.0148267 0.4413565
0.5892735 0.0001000 0.4106265
0.3315813 0.3957102 0.2727085
0.5574672 0.0001000 0.4424329
0.3739073 0.3723869 0.2537058
0.3922532 0.4130399 0.1947068
0.6497730 0.0091824 0.3410446
0.5404785 0.3925731 0.0669485
0.4226686 0.0017761 0.5755552
0.6713737 0.0000999 0.3285263
0.8293208 0.1705791 0.0001000
0.6710938 0.0000999 0.3288063
0.5373576 0.2890938 0.1735487
0.1267229 0.7781169 0.0951602
0.2703621 0.4639352 0.2657027
0.5124107 0.0001000 0.4874893
0.6234627 0.0000998 0.3764374
0.5620719 0.0001000 0.4378281
0.7456930 0.0000998 0.2542073
0.6896815 0.0000999 0.3102187
0.5183179 0.4091592 0.0725230
0.6495034 0.0000999 0.3503967
0.7226797 0.0000998 0.2772204
0.5801705 0.0015054 0.4183241
0.6299089 0.0073080 0.3627831
0.2666818 0.4797138 0.2536043
0.7338226 0.0003589 0.2658186
0.0331282 0.8471699 0.1197018
0.6804658 0.0000999 0.3194343
0.6173611 0.0000999 0.3825391
0.3551579 0.0048436 0.6399985
0.4198829 0.0115301 0.5685870
0.6178195 0.0001000 0.3820806
0.5709321 0.0001000 0.4289679
0.5879135 0.0042887 0.4077978
0.9251551 0.0115344 0.0633105
0.6283550 0.0000999 0.3715451
0.7660966 0.0000998 0.2338035
0.7122526 0.2876457 0.0001017
0.8274597 0.1724404 0.0000999
0.5775682 0.0027627 0.4196692
0.2642552 0.3875444 0.3482005
0.4742781 0.0302167 0.4955052
0.5277469 0.0247129 0.4475402
0.8600401 0.1398594 0.0001005
0.5269219 0.0105208 0.4625573
0.4725141 0.0148240 0.5126619
0.6955438 0.0000998 0.3043564
0.3134876 0.4670342 0.2194782
0.3276894 0.4732004 0.1991101
0.6143166 0.0001000 0.3855834
0.9728464 0.0270536 0.0000999
0.4838096 0.4253584 0.0908321
0.3764337 0.4270342 0.1965321
0.0918914 0.9080084 0.0001001
0.2279105 0.5366762 0.2354133
0.7366540 0.0393778 0.2239681
0.0788901 0.5614601 0.3596499
0.3749577 0.0601721 0.5648702
0.4965397 0.0001001 0.5033602
0.5794006 0.0324592 0.3881401
0.5127938 0.0300112 0.4571951
0.6324239 0.0000999 0.3674762
0.4559287 0.0073811 0.5366902
0.4719808 0.0294459 0.4985733
0.3651608 0.0322284 0.6026108
0.4538397 0.0001001 0.5460602
0.5148085 0.0208381 0.4643534
0.6534549 0.0004837 0.3460614
0.6645705 0.0474317 0.2879978
0.7706367 0.0454547 0.1839087
0.3613276 0.5468852 0.0917871
0.4656091 0.5342891 0.0001019
0.7016575 0.1162546 0.1820878
0.7151477 0.2634775 0.0213748
0.4239478 0.4578062 0.1182459
0.4136933 0.4329130 0.1533937
0.6429107 0.0534390 0.3036503
0.7247796 0.0649651 0.2102553
0.6896194 0.0683461 0.2420345
0.4020960 0.3928869 0.2050171
0.3441427 0.5598015 0.0960558
0.5974063 0.0923046 0.3102892
0.6920509 0.0607029 0.2472463
0.5833054 0.0524021 0.3642926
0.1739397 0.8259598 0.0001005
0.6003492 0.0339262 0.3657246
0.5200991 0.1178662 0.3620346
0.4273491 0.4111499 0.1615010
0.7061835 0.0461348 0.2476816
0.6898544 0.0536687 0.2564770
0.5688189 0.0257643 0.4054168
0.6715344 0.0000999 0.3283656
0.5501788 0.0441362 0.4056850
0.6369519 0.0001000 0.3629482
0.0078739 0.5254464 0.4666796
0.6228355 0.0546750 0.3224895
0.7393176 0.0845047 0.1761776
0.5219895 0.0320663 0.4459441
0.3682728 0.5450313 0.0866958
0.4739512 0.1754110 0.3506377
0.5978141 0.0139051 0.3882808
0.6705443 0.0533410 0.2761147
0.4534086 0.0977390 0.4488524
0.6969733 0.0554473 0.2475793
0.7746831 0.0581183 0.1671987
0.2168911 0.5346482 0.2484607
0.6553542 0.0564965 0.2881493
0.8785153 0.0971916 0.0242931
0.8042699 0.0743341 0.1213960
0.3996727 0.4970121 0.1033152
0.5919663 0.0600560 0.3479777
0.8145478 0.0922480 0.0932043
0.7483053 0.0645344 0.1871603
0.6293787 0.0323341 0.3382872
0.6808794 0.0000999 0.3190207
0.3629234 0.5471314 0.0899452
0.7711859 0.0880707 0.1407434
0.8194069 0.0158769 0.1647162
0.0843482 0.9155515 0.0001003
0.7090504 0.0975203 0.1934294
0.7992964 0.0766092 0.1240944
0.4618826 0.4581099 0.0800075
0.4852004 0.4794687 0.0353309
0.5765259 0.4233733 0.0001008
0.6482869 0.0762217 0.2754914
0.8128515 0.0748010 0.1123475
0.7768736 0.0477504 0.1753760
0.6444253 0.0642150 0.2913596
0.7396286 0.0643767 0.1959948
0.6779991 0.0049183 0.3170825
0.5951864 0.0454593 0.3593542
0.5886258 0.0852111 0.3261631
0.7945573 0.0211556 0.1842872
0.4298986 0.4016751 0.1684263
0.4074416 0.5289572 0.0636013
0.7509955 0.0990394 0.1499651
0.8189710 0.0483449 0.1326841
0.6864610 0.0612921 0.2522469
0.6813022 0.0020297 0.3166680
0.6540468 0.0643148 0.2816385
0.8048548 0.0495357 0.1456096
0.3541069 0.4390365 0.2068567
0.6941939 0.0190073 0.2867988
0.6054348 0.0513081 0.3432572
0.0218057 0.9148613 0.0633330
0.6292438 0.0475062 0.3232499
0.3669150 0.4392972 0.1937878
0.5083404 0.0864349 0.4052248
0.3350140 0.5148842 0.1501018
0.5154199 0.1326228 0.3519573
0.5280929 0.0995179 0.3723892
0.2627551 0.5363978 0.2008470
0.3985104 0.4680363 0.1334534
0.6063960 0.0798056 0.3137985
0.5934923 0.0723333 0.3341744
0.5510545 0.0364458 0.4124997
0.6558720 0.1730119 0.1711162
0.2832556 0.5126071 0.2041373
0.4602741 0.0684738 0.4712521
0.5594808 0.0627938 0.3777253
0.2252700 0.5762043 0.1985257
0.6200821 0.0416935 0.3382243
0.7019945 0.0531548 0.2448508
0.0911131 0.5405778 0.3683091
0.2267893 0.5679457 0.2052649
0.6316774 0.0932044 0.2751183
0.4081458 0.0822000 0.5096542
0.0623261 0.6242831 0.3133908
0.5252976 0.0820996 0.3926028
0.4133598 0.1324293 0.4542109
0.5751324 0.0685490 0.3563186
0.0000999 0.8724911 0.1274090
0.5862558 0.0580731 0.3556710
0.5942440 0.0756575 0.3300985
0.6049078 0.0412328 0.3538594
0.3282747 0.4498242 0.2219010
0.5191920 0.0617843 0.4190237
0.5851197 0.0073572 0.4075231
0.5248290 0.0815134 0.3936575
0.5774769 0.1089685 0.3135546
0.6029511 0.0203877 0.3766611
0.6503915 0.0045159 0.3450926
0.5876006 0.0609487 0.3514506
0.5768831 0.0075240 0.4155929
0.0000994 0.8767937 0.1231068
0.3362462 0.4812509 0.1825030
0.0000995 0.9063492 0.0935513
0.7332509 0.0627902 0.2039589
0.5531204 0.0414925 0.4053872
0.3864683 0.4445854 0.1689463
0.5675779 0.0778749 0.3545473
0.0657042 0.8454251 0.0888707
0.6659515 0.0000999 0.3339485
0.6362101 0.0547528 0.3090371
0.6225134 0.0039516 0.3735350
0.2937129 0.4796765 0.2266106
0.2309453 0.5012457 0.2678091
0.6662347 0.0121651 0.3216003
0.6993930 0.0049581 0.2956488
0.6148025 0.0524297 0.3327679
0.6399555 0.0046866 0.3553579
0.4480140 0.4311126 0.1208734
0.3340199 0.5630536 0.1029265
0.8675668 0.1323327 0.0001004
0.2238235 0.4815070 0.2946695
0.3352884 0.3913822 0.2733294
0.6280564 0.0023294 0.3696142
0.5954887 0.0078286 0.3966827
0.5810677 0.0441886 0.3747438
0.3005960 0.4008697 0.2985343
0.5727299 0.0142516 0.4130186
0.6245356 0.0001000 0.3753645
0.5907220 0.0079825 0.4012956
0.6383896 0.0167866 0.3448237
0.8629869 0.0600006 0.0770124
0.6232194 0.0272979 0.3494827
0.3517650 0.4503358 0.1978993
0.5244323 0.0234461 0.4521216
0.7301003 0.0180120 0.2518877
0.5509457 0.0636264 0.3854280
0.6374871 0.0238683 0.3386445
0.7486061 0.0212050 0.2301889
0.6678755 0.0654799 0.2666446
0.6695550 0.0469729 0.2834721
0.1560508 0.5089060 0.3350431
0.3848673 0.0639060 0.5512266
0.2125937 0.5300425 0.2573638
0.2184694 0.4223516 0.3591791
0.5752332 0.0062449 0.4185219
0.3083389 0.4485312 0.2431299
0.5476214 0.0239715 0.4284071
0.4587277 0.0382251 0.5030472
0.3987149 0.4103114 0.1909736
0.2111130 0.4494287 0.3394583
0.2808027 0.5763141 0.1428831
0.5571515 0.1078467 0.3350018
0.5762295 0.0387238 0.3850468
0.5377321 0.0404477 0.4218202
0.8069912 0.0294189 0.1635898
0.6011348 0.0406806 0.3581847
0.5497058 0.0514245 0.3988697
0.5589999 0.0572124 0.3837877
0.5378338 0.0818246 0.3803417
0.5128438 0.0001001 0.4870561
0.2103034 0.7895953 0.0001013
0.3802234 0.5069451 0.1128316
0.2068150 0.4938168 0.2993683
0.3931038 0.0974188 0.5094775
0.4792859 0.0643198 0.4563943
0.4215061 0.1035572 0.4749367
0.5497959 0.0490376 0.4011665
0.5816295 0.0644810 0.3538895
0.5501843 0.0532323 0.3965833
0.1840746 0.5128518 0.3030736
0.7466447 0.0134655 0.2398899
0.6632116 0.0993707 0.2374176
0.6285537 0.0380680 0.3333785
0.5007201 0.0337548 0.4655251
0.5564868 0.0799301 0.3635830
0.3169897 0.4666858 0.2163244
0.2704952 0.4968586 0.2326462
0.5422418 0.0430466 0.4147116
0.3225086 0.4819589 0.1955324
0.5630252 0.0555284 0.3814465
0.1616929 0.5575222 0.2807849
0.6062622 0.0415170 0.3522207
0.2531435 0.4687968 0.2780597
0.0000985 0.7812954 0.2186060
0.4742787 0.0201273 0.5055940
0.1340196 0.5242099 0.3417705
0.4713917 0.0552882 0.4733201
0.3950676 0.0638713 0.5410611
0.4183559 0.1147978 0.4668463
0.5391192 0.0219908 0.4388900
0.4917963 0.0001001 0.5081037
0.4472115 0.0235427 0.5292458
0.5365179 0.0078430 0.4556391
0.6544083 0.0142424 0.3313494
0.1124982 0.5095390 0.3779627
0.4130469 0.0686509 0.5183022
0.4670408 0.0261739 0.5067853
0.6199869 0.0674265 0.3125865
0.4502226 0.4912550 0.0585223
0.5564316 0.0326152 0.4109532
0.4983316 0.0093999 0.4922684
0.2838267 0.4716254 0.2445479
0.2074990 0.4616688 0.3308323
0.2032326 0.4709760 0.3257914
0.5706662 0.0001000 0.4292337
0.4306536 0.3512847 0.2180617
0.5127215 0.0402861 0.4469923
0.5606938 0.0114352 0.4278710
0.6485270 0.0047133 0.3467599
0.2540510 0.5126815 0.2332674
0.3245988 0.4316503 0.2437509
0.3440790 0.4541647 0.2017563
0.5850462 0.0331286 0.3818253
0.7079994 0.0479171 0.2440835
0.3412486 0.4026611 0.2560903
0.2489505 0.5030991 0.2479505
0.2583168 0.4789605 0.2627227
0.6338992 0.0001000 0.3660009
0.3893968 0.4452673 0.1653359
0.6692181 0.0064318 0.3243501
0.2268605 0.7730380 0.0001015
0.2199699 0.4978491 0.2821810
0.0000998 0.9414542 0.0584461
0.5601302 0.0544209 0.3854488
0.3624329 0.4043648 0.2332023
0.3530743 0.4461459 0.2007800
0.2311022 0.4454556 0.3234421
0.6594756 0.0848730 0.2556514
0.3178743 0.3839177 0.2982080
0.2732367 0.5671433 0.1596201
0.5177863 0.0235143 0.4586994
0.6427797 0.0192554 0.3379649
0.6445668 0.0125492 0.3428840
0.6637656 0.0259138 0.3103205
0.6415963 0.0160933 0.3423104
0.6160660 0.0326700 0.3512641
0.3875113 0.0568911 0.5555977
0.5932633 0.0664013 0.3403354
0.0000992 0.8659440 0.1339568
0.6721216 0.0345243 0.2933541
0.5643882 0.0588779 0.3767339
0.6942520 0.0006283 0.3051198
0.6224215 0.0164137 0.3611648
0.5479503 0.0360653 0.4159845
0.2504749 0.4600380 0.2894871
0.6177313 0.0631498 0.3191189
0.6404469 0.0033668 0.3561863
0.7137609 0.0497443 0.2364948
0.3132299 0.4728135 0.2139566
0.7578588 0.0201504 0.2219908
0.6069927 0.0001000 0.3929073
0.6118174 0.0086889 0.3794937
0.5965325 0.0704502 0.3330174
0.3098269 0.5706004 0.1195726
0.5277764 0.0606515 0.4115721
0.6216409 0.1036936 0.2746656
0.5849644 0.4149333 0.0001023
0.7151272 0.0389152 0.2459576
0.6279025 0.0204113 0.3516862
0.6054001 0.0462319 0.3483680
0.1727100 0.5647743 0.2625157
0.3085636 0.5242804 0.1671560
0.5429753 0.0973407 0.3596840
0.6038478 0.0719193 0.3242329
0.4458420 0.0840386 0.4701194
0.1940723 0.5163720 0.2895558
0.4340022 0.1514359 0.4145619
0.4882496 0.0942522 0.4174983
0.4206058 0.1313179 0.4480763
0.6141488 0.1337116 0.2521397
0.5671421 0.0715838 0.3612741
0.2947895 0.4949644 0.2102461
0.3432818 0.0801482 0.5765700
0.2747239 0.6177468 0.1075292
0.2495216 0.5150120 0.2354664
0.6834388 0.0699935 0.2465678
0.6459680 0.0205371 0.3334948
0.7762827 0.0031547 0.2205626
0.7190289 0.0000999 0.2808712
0.6785566 0.0115547 0.3098888
0.7133663 0.0000999 0.2865338
0.6795303 0.0103440 0.3101257
0.6860877 0.0228493 0.2910629
0.6654477 0.0156843 0.3188681
0.5841594 0.0001000 0.4157406
0.0000980 0.7474997 0.2524024
0.5793782 0.0352640 0.3853577
0.3558164 0.4045641 0.2396196
0.3206690 0.4862780 0.1930531
0.2936420 0.4152631 0.2910948
0.6549450 0.0458303 0.2992248
0.4718874 0.3779273 0.1501854
0.5632347 0.0001000 0.4366652
0.5277224 0.0712569 0.4010208
0.7551030 0.2390623 0.0058348
0.3199040 0.4036177 0.2764784
0.6280973 0.0425859 0.3293169
0.5556985 0.0858240 0.3584774
0.5757985 0.0246592 0.3995424
0.1899153 0.5055413 0.3045434
0.4868535 0.0620032 0.4511433
0.2309634 0.4252875 0.3437492
0.6116142 0.0008949 0.3874909
0.4802004 0.0620474 0.4577522
0.3890952 0.4334344 0.1774705
0.4208646 0.5092335 0.0699020
0.1907597 0.5446446 0.2645957
0.6431574 0.0673980 0.2894445
0.1930447 0.4868772 0.3200781
0.4969680 0.0178583 0.4851737
0.5963820 0.0013320 0.4022861
0.3784371 0.4067858 0.2147770
0.8361430 0.1592397 0.0046173
0.6013265 0.0001000 0.3985735
0.5953897 0.0097030 0.3949073
0.2884718 0.4360014 0.2755267
0.6259496 0.0001000 0.3739504
0.6425080 0.0000999 0.3573920
0.5556531 0.0001000 0.4442469
0.5120779 0.0260953 0.4618268
0.2559583 0.4811299 0.2629117
0.6032745 0.0197190 0.3770066
0.5138025 0.0207574 0.4654401
0.6137928 0.0001000 0.3861071
0.6154937 0.0000999 0.3844063
0.3232794 0.4222055 0.2545151
0.3731559 0.4509636 0.1758805
0.5837425 0.0072399 0.4090177
0.3006938 0.3744588 0.3248474
0.3508362 0.3964408 0.2527231
0.1227282 0.8771716 0.0001002
0.8646106 0.0863319 0.0490575
0.2611426 0.4474842 0.2913732
0.4883240 0.0237378 0.4879383
0.4742874 0.1768782 0.3488344
0.6102991 0.0543444 0.3353564
0.5110335 0.0201236 0.4688430
0.2700096 0.5258790 0.2041114
0.5141792 0.0319170 0.4539039
0.4861671 0.0001001 0.5137327
0.2615312 0.4640008 0.2744680
0.4838242 0.0723530 0.4438228
0.6949390 0.0000999 0.3049612
0.0209375 0.9169143 0.0621482
0.6139641 0.0161796 0.3698563
0.5344874 0.0239276 0.4415849
0.3179310 0.3995234 0.2825456
0.2437357 0.4528393 0.3034250
0.4163574 0.4113229 0.1723196
0.5676362 0.0381061 0.3942578
0.4310338 0.4431794 0.1257869
0.6715007 0.0381089 0.2903903
0.7958471 0.2040526 0.0001003
0.6358461 0.0090125 0.3551415
0.4021617 0.4019698 0.1958686
0.7445822 0.0000999 0.2553179
0.6330272 0.0027922 0.3641806
0.3183060 0.5055807 0.1761133
0.2632194 0.4698751 0.2669055
0.5390391 0.2189554 0.2420055
0.6818025 0.0000999 0.3180976
0.5004799 0.0260066 0.4735135
0.5561129 0.0293424 0.4145446
0.6611209 0.0698551 0.2690240
0.5480412 0.0392362 0.4127226
0.3363038 0.5300226 0.1336736
0.3951316 0.4759955 0.1288729
0.5360052 0.0732095 0.3907853
0.5131608 0.3355657 0.1512735
0.5762935 0.0502818 0.3734247
0.2854025 0.5099418 0.2046558
0.1546530 0.4782329 0.3671140
0.4255328 0.0172116 0.5572556
0.0000985 0.8398809 0.1600205
0.4742228 0.0670470 0.4587302
0.4373290 0.0930119 0.4696591
0.5605707 0.0508500 0.3885794
0.5637407 0.0286423 0.4076170
0.1876035 0.4912290 0.3211675
0.6215705 0.0411209 0.3373086
0.5341185 0.0432252 0.4226561
